1.308532568
4.06794386
9.21055812
16.57109656
25.19997608
36.98726134
49.22790207
64.60578817
81.49389985
100.6065633
121.1544557
144.0359915
169.1409549
196.3376286
225.8110315
256.7456135
289.7198531
324.1695973
361.1684164
400.9817257
441.3131523
484.6323457
529.3101756
576.2735858
625.0949487
676.0071604
729.4669699
784.4629134
841.0446549
900.8183801
961.3347352
1024.753092
1089.897933
1156.770411
1225.871654
1296.285038
1369.917872
1444.724329
1521.938409
1600.791744
1681.763336
1764.731469
1849.476589
1936.191036
2025.30208
2116.453934
2209.716254
2304.564824
2401.360476
2500.449268
2601.948571
2704.850467
2809.528686
2916.143392
3025.018923
3136.823199
3249.882819
3364.342208
3481.543652
3600.002223
3721.570247
3844.073374
3969.437504
4096.085769
4225.337687
4356.206778
4489.5
4624.81685
4761.405819
4900.884014
5041.468119
5184.281449
5329.517009
5476.228813
5625.867289
5776.780653
5929.926761
6084.069593
6241.117268
6400.791894
6561.049846
6724.83674
6889.096219
7056.517435
7225.637035
7396.61486
7569.180024
7744.196311
7921.478169
8100.10574
8281.097058
8464.291992
8649.831157
8836.331829
9025.437521
9216.436069
9409.118863
9604.903637
9801.482808
10000.81447
10201.30474
10404.14734
10609.02118
10816.40398
11025.98623
11236.61874
11449.43766
11664.34789
11881.12302
12100.32722
12321.98613
12544.14724
12769.03032
12996.43106
13225.34971
13456.35135
13689.38985
13924.23199
14161.31072
14400.26389
14641.64969
14884.08081
15129.01447
15376.67217
15625.19263
15876.30685
16129.18678
16384.51396
16641.22495
16900.64405
17161.69671
17424.47664
17689.94861
17956.82616
18225.02667
18496.25269
18769.54791
19044.08029
19321.47992
19600.25571
19881.91408
20164.19021
20449.13428
20736.30758
21025.69842
21316.19006
21609.16183
21904.88589
22201.50611
22500.88258
22801.43607
23104.18734
23409.72348
23716.55185
24025.61627
24336.28258
24649.02098
24964.78872
25281.98136
25600.26335
25921.24998
26244.97587
26569.80443
26896.43842
27225.07506
27556.94757
27889.53167
28224.48159
28561.18019
28900.40444
29241.77245
29584.59065
29929.74918
30276.71378
30625.94895
30976.49004
31329.82215
31684.93095
32041.76502
32400.42534
32761.50845
33124.64411
33489.09747
33856.70795
34225.10619
34596.09807
34969.83186
35344.93269
35721.22105
36100.71552
36481.28295
36864.6522
37249.14759
37636.34403
38025.85905
38416.15279
38809.9507
39204.09833
39601.96015
40000.9304
40401.75507
40804.24182
41209.18272
41616.11924
42025.56793
42436.91682
42849.76226
43264.44951
43681.34027
44100.71355
44521.52674
44944.468
45369.13155
45796.16872
46225.97743
46656.12764
47089.6545
47524.85261
47961.9393
48400.30862
48841.96869
49284.06826
49729.56662
50176.38678
50625.388
51076.29635
51529.65313
51984.69084
52441.73993
52900.5818
53361.28657
53824.74765
54289.49847
54756.00138
55225.56163
55696.36585
56169.38108
56644.71549
57121.3729
57600.15052
58081.64071
58564.09068
59049.36556
59536.17445
60025.40337
60516.88908
61009.96745
61504.76939
62001.74877
62500.17713
63001.32684
63504.37669
64009.61892
64516.24682
65025.81355
65536.33462
66049.63086
66564.73535
67081.90145
67600.49577
68121.21624
68644.50561
69169.98411
69696.86375
70225.51998
70756.02384
71289.39799
71824.43273
72361.23734
72900.15511
73441.43774
73984.5347
74529.03137
75076.50249
75625.44087
76176.42087
76729.76045
77284.7507
77841.70886
78400.93818
78961.06415
79524.34489
80089.62972
80656.96054
81225.94181
81796.62451
82369.0147
82944.76429
83521.06392
84100.29902
84681.5942
85264.25913
85849.59306
86436.08452
87025.27481
87616.1443
88209.7619
88804.73642
89401.83288
90000.26899
90601.47284
91204.42505
91809.54924
92416.1533
93025.42456
93636.61682
94249.34495
94864.52802
95481.38191
96100.95616
96721.16266
97344.55817
97969.11064
98596.72562
99225.05998
99856.5031
100489.0373
101124.8214
101761.8812
102400.4262
103041.2948
103684.3235
104329.0634
104976.7218
105625.5708
106276.4273
106929.1819
107584.2489
108241.8855
108900.783
109561.0991
110224.5054
110889.0749
111556.5761
112225.1149
112896.4081
113569.1711
114244.6299
114921.006
115600.6235
116281.1881
116964.9434
117649.0446
118336.1028
119025.0808
119716.2914
120409.2848
121104.1747
121801.1916
122500.1225
123201.8382
123904.0525
124609.0584
125316.8353
126025.1557
126736.441
127449.0139
128164.8465
128881.3802
129600.2898
130321.9903
131044.9286
131769.0325
132496.3168
133225.2816
133956.5085
134689.1278
135424.8206
136161.8624
136900.7269
137641.9082
138384.7086
139129.9945
139876.9563
140625.4285
141376.657
142129.4211
142884.3066
143641.5486
144400.9659
145161.565
145924.3698
146689.2512
147456.1093
148225.0362
148996.2403
149769.3159
150544.3102
151321.2334
152100.8689
152881.5581
153664.1389
154449.1563
155236.2696
156025.5952
156816.0017
157609.4689
158404.5304
159201.8715
160000.2071
160801.3473
161604.4305
162409.2265
163216.2393
164025.5327
164836.6699
165649.5035
166464.0712
167281.2072
168100.2273
168921.9562
169744.3832
170569.597
171396.9079
172225.4601
173056.9209
173889.6267
174724.1042
175561.0812
176400.2069
177241.2824
178084.2159
178929.6687
179776.9822
180625.8426
181476.8084
182329.8251
183184.0094
184041.6182
184900.3343
185761.1884
186624.354
187489.203
188356.2375
189225.2721
190096.0797
190969.1546
191844.5783
192721.7821
193600.4991
194481.2024
195364.7789
196249.4405
197136.2179
198025.2037
198916.8263
199809.5492
200704.4915
201601.1687
202500.4203
203401.5361
204304.1599
205209.8919
206116.4559
207025.7868
207936.7251
208849.5567
209764.5774
210681.449
211600.9171
212521.0593
213444.662
214369.876
215296.4087
216225.3136
217156.2072
218089.9664
219024.4484
219961.5929
220900.0611
221841.3747
222784.2125
223729.6902
224676.5994
225625.3914
226576.4877
227529.1093
228484.4332
229441.407
230400.0455
231361.3965
232324.9686
233289.1231
234256.5356
235225.2882
236196.2374
237169.1653
238144.4805
239121.1126
240100.3212
241081.3946
242064.3464
243049.5033
244036.5785
245025.2762
246016.6231
247009.3796
248004.5681
249001.5767
250000.1662
251001.3042
252004.3229
253009.6931
254016.4157
255025.2636
256036.6916
257049.0737
258064.7823
259081.9064
260100.7873
261121.4312
262144.2469
